cx: 2062.884472774858
cy: 1568.6321110283227
fx: 7107.279787944145
fy: 7098.387464806833
image_height: 3000
image_width: 4096
k1: -0.07030192855057807
k2: -0.3340877379883321
k3: 2.3656484210508117
p1: 0.003367046804108971
p2: 0.0034113445595077008
reprojection_error: 0.43574400339958763
